
 	  ITER.             x_k
 	 ------------------------------------
 	   1     |   1.000000000000000e+00
 	   2     |   2.000000000000000e+00
 	   3     |   7.643856189774723e+00
 	   4     |   1.846750877235538e+01
 	   5     |   3.919376423332135e+01
 	   6     |   6.499200601932272e+01
 	   7     |   8.697260731481445e+01
 	   8     |   9.750361025354198e+01
 	   9     |   9.983292640565375e+01
 	  10     |   9.999790522810858e+01
 	  11     |   9.999999824960085e+01
 	  12     |   9.999999999998170e+01
 	  13     |   1.000000000000000e+02
